-3
-2
-3
1
-3
-2
-2
1
-3
0
-1
1
2
-2
0
-4
1
-1
-1
1
-1
-1
-2
-2
1
1
-2
-3
-2
0
-2
-3
-1
-3
0
3
-4
1
-2
-2
0
-1
-4
-2
2
-1
-2
-1
0
-2
0
-1
-1
-7
-3
1
-1
-4
-2
1
0
-3
-4
-3
-3
0
3
-1
-3
1
-3
-3
2
0
1
1
-2
-1
-1
-2
-1
-3
-1
2
-1
2
-4
0
-3
-3
1
-2
-3
1
-3
0
0
1
0
-7
0
-1
-2
4
-6
1
-1
-2
-4
0
-5
-2
2
-6
3
-5
2
0
-3
0
-2
-1
-1
-1
0
0
2
-3
-5
6
-4
0
-3
-4
3
2
-3
-1
-3
-1
0
0
-2
0
3
-5
1
-3
1
-8
6
-2
-1
-5
-4
2
-3
-2
-2
0
-1
2
-4
-3
-2
1
-1
-2
-4
1
-2
4
-4
-1
1
-3
1
0
-3
3
0
-3
-1
-2
-2
2
-4
0
-3
-2
1
-1
3
-1
-9
6
-1
-3
1
-9
25
-7
1
-1
-5
7
-3
-7
-8
-3
-18
-7
0
6
-8
-8
-3
0
-2
-9
-13
-9
-12
-14
4
-3
3
-20
-3
-7
-5
23
-7
-13
-29
-13
-6
0
2
6
9
0
13
6
11
-28
-1
0
-1
4
5
-5
2
-7
-7
14
-9
-1
3
3
-2
-3
-6
-4
-3
17
-9
-4
-1
-7
0
6
-5
4
-7
1
-4
1
-2
1
-3
-5
2
-1
-1
-3
-1
0
-1
-3
3
-4
7
-17
-17
6
-3
4
-2
-1
0
-2
-16
-3
0
3
-5
3
-1
8
-1
3
-4
-2
4
-12
-4
-9
10
-12
1
-8
4
-11
2
-7
-1
2
-6
11
-9
6
4
-8
9
-6
-5
-5
5
-3
19
-11
-5
4
-5
8
3
-3
-11
-5
0
6
-3
1
-2
-11
3
3
-2
6
-2
9
-1
5
-5
-4
-2
-4
-2
2
0
-12
6
4
-9
9
-3
-9
1
1
-16
6
-4
9
-11
3
-4
10
0
14
-9
5
1
-5
1
5
-5
-4
0
-7
-10
-9
-9
-26
-5
9
5
8
-11
19
-14
-1
15
17
-11
-33
4
-8
11
4
-2
-6
16
-10
-4
10
-10
1
-10
12
-9
13
-6
-13
6
10
-6
-6
-3
4
-2
-9
-9
8
7
0
0
-1
-23
16
-20
2
1
3
3
1
3
1
-12
16
4
-5
7
-3
-5
-5
-7
14
-10
-11
4
-19
12
-6
-5
11
-4
-3
-2
7
-5
0
-7
4
-18
4
0
0
16
-8
1
4
7
-18
15
-7
-2
7
1
-6
-45
-4
-3
-8
0
-14
-11
-3
-4
4
-20
5
5
6
2
-25
-17
2
-7
11
-5
1
-4
3
7
-8
-14
7
-8
3
-17
13
-5
2
-19
58
-12
5
-6
-14
1
-39
-5
11
17
1
16
-11
-24
9
1
-8
0
11
-11
-24
-1
16
-38
25
-12
0
3
-19
12
-11
2
2
3
1
10
-9
4
19
-5
8
10
-7
6
-3
-14
-2
4
-17
4
-5
4
-6
-12
14
2
-13
2
-6
3
2
18
-15
26
-1
5
6
-10
-3
7
-28
17
-4
23
-2
-17
2
-42
-77
-81
-42
-54
-53
-78
-53
-58
-52
-69
-56
-5
14
-11
-12
-11
-2
-4
0
-44
36
-36
59
-17
-3
14
-25
4
1
21
-8
4
15
7
-11
13
-3
-5
7
6
-13
6
1
-8
31
-12
2
-3
-10
-13
-11
8
-2
0
-10
7
-8
0
15
-1
-6
21
-16
8
-13
-14
8
4
1
-13
4
-9
4
1
-11
8
-1
7
-15
19
-11
-11
6
0
1
-11
-11
-2
0
-5
1
0
-5
-6
2
-2
0
-2
3
-1
1
-3
-4
-2
1
-3
-1
0
2
-2
-1
0
2
-4
-1
0
-2
-2
-4
3
-2
-4
15
-5
-2
-1
-2
1
-8
-4
-4
5
-1
-2
-5
-2
1
2
-2
-3
-7
3
2
-1
-4
-1
-3
3
0
-5
-4
-5
-1
2
-3
-3
9
-2
-4
-1
2
-3
0
4
-2
2
-3
-1
-4
-1
5
-1
0
-6
2
-2
-5
1
1
-4
-1
-2
-8
3
7
-2
-2
