8.88853
7.67835
13.1315
7.8936
5.27157
17.8518
12.8415
12.9969
17.2625
9.46318
12.8186
6.7862
2.76115
10.3913
8.42977
14.6259
24.1768
10.8786
8.23091
5.39546
3.87701
27.908
6.09336
9.33533
5.37515
3.6342
4.78332
3.36894
1.73387
8.05979
1.67678
2.22478
3.04222
3.76697
5.3694
3.17752
1.80549
6.95873
1.39914
1.62448
2.41765
3.26917
4.89527
2.707
1.42
8.2253
1.29435
1.49694
1.94289
2.90053
3.79885
2.16387
1.47344
6.00976
1.35182
1.52897
1.98623
2.71281
3.29791
2.30602
1.41227
4.43762
1.42831
1.34053
2.29555
2.9468
3.70492
2.37636
1.82482
5.01188
1.31121
1.56635
2.2452
2.97742
4.59866
2.02041
1.58776
7.68715
1.22264
1.60193
2.29146
2.75271
2.99068
5.07467
17.0555
9.79398
1.7839
2.0092
2.03841
2.26648
3.34257
7.94853
21.751
10.4378
3.99519
2.24267
1.77636
1.54585
2.24677
5.21025
16.2035
4.96678
3.94414
4.32867
1.49043
1.84059
2.9425
6.4738
16.7046
4.62145
4.32018
2.02723
1.70316
1.57962
3.04935
6.17781
18.7535
7.1468
5.62486
2.12538
1.74897
1.94731
2.62365
6.52205
28.1908
10.7398
9.01799
2.15804
1.42489
1.76557
1.99018
4.98885
14.989
7.04373
5.17421
1.83951
1.34849
1.52573
1.8075
5.12132
10.8711
3.81079
1.85735
1.60089
1.2808
1.49558
2.39634
4.45963
11.6148
3.24081
1.71176
1.65851
1.45642
1.74814
2.77554
6.29802
10.18
3.39507
1.89185
1.79658
1.1839
1.603
1.9021
5.17755
8.12135
3.63068
2.05605
1.84867
1.19501
1.53807
1.86827
4.6484
6.00869
2.82316
2.19156
1.34709
1.2717
1.57483
1.64891
5.18929
8.12854
2.88746
1.75328
1.56517
1.32111
1.631
1.97379
5.6964
7.85285
2.70331
2.05985
1.64778
1.31
1.59792
1.96128
5.55142
9.45823
2.69858
2.33245
1.56001
1.37786
1.56471
1.76915
5.12702
8.41923
2.63954
2.37859
1.5563
1.13289
1.49648
1.83173
5.18442
10.8741
2.70886
2.30808
1.56976
1.24145
1.59387
2.18576
5.90658
7.72738
2.60302
1.75245
1.58006
1.04496
1.36297
1.84105
5.93503
7.91368
2.25723
1.5454
1.46556
1.17023
1.56649
2.0003
5.1186
6.64676
2.94857
1.62096
1.6575
1.19114
1.63168
1.76605
5.80223
6.6718
2.18084
1.48708
1.61088
1.1577
1.49438
1.93023
4.09589
3.43035
2.52283
1.67725
1.5853
1.41711
1.52352
1.87965
4.67362
3.43515
2.06937
1.72915
1.49991
1.32011
1.26422
1.73705
4.43944
4.00072
2.05354
1.51116
1.3554
1.39689
1.53967
2.11784
5.75283
8.39657
3.23146
2.63686
1.65984
1.32739
1.53942
2.23177
5.98444
10.8843
2.62042
3.94257
1.7477
4.6555
1.53122
2.49936
5.10238
9.23467
2.541
1.77787
1.99781
1.55108
1.40144
1.74307
4.27056
8.60484
2.21803
1.45029
1.55794
1.38723
1.51764
1.82123
5.22458
7.74062
2.21586
1.64209
1.52559
8.67591
2.00853
1.91139
5.82097
12.7202
2.64245
1.86862
2.86303
2.76715
1.46463
1.91116
4.95366
9.68293
2.30624
1.73059
1.99015
1.1154
1.44142
2.03277
5.8291
8.89131
2.12873
1.62719
1.44537
1.08751
1.34391
2.23332
5.21087
7.99443
2.16519
1.48368
1.64533
1.16453
1.44705
2.08994
5.56262
9.41396
2.15699
1.32948
1.41741
1.37421
1.39141
2.0432
6.12996
8.80343
2.13996
1.91564
1.4316
1.30657
1.48425
1.93935
4.8492
6.23535
2.23658
4.09246
1.36534
1.32712
1.48438
1.91125
5.50701
8.02618
2.09604
2.83906
1.52179
1.18688
1.44567
1.77538
5.25768
5.63845
1.88122
1.69402
1.44871
1.31349
1.55303
1.7834
5.52499
5.51138
2.13238
1.82347
1.4675
1.14829
1.33744
1.77338
4.82165
5.05176
2.08635
1.59711
1.42329
1.24856
1.19948
1.58935
4.07646
4.55099
1.90083
1.34524
1.66321
1.15655
1.59819
2.04103
5.54489
5.34587
1.88597
2.06778
1.49708
1.26733
1.5834
1.98656
4.73097
6.13523
2.25624
1.74281
1.78087
1.28355
1.51139
1.97557
5.10916
11.2581
2.57019
1.91739
1.64174
1.31012
1.47126
2.29725
7.38556
9.74071
2.70476
2.3724
1.85912
1.49729
1.5142
2.25368
8.90593
13.7309
3.80111
1.94912
1.4439
9.23291
1.6954
2.31805
4.19528
13.1375
3.40739
1.77877
3.61106
2.6995
1.49318
1.74562
4.93884
12.6053
2.87164
1.67675
1.89463
1.36914
1.51874
1.77535
4.98976
11.4107
2.57704
1.33382
1.57953
1.40303
1.68411
2.05949
5.61695
13.6649
2.71217
1.94545
1.47002
1.2635
1.45668
1.7063
4.13393
11.4483
2.34961
1.63372
1.47321
1.33878
1.49615
2.01086
3.19182
11.5475
2.15768
1.56326
1.52302
1.3129
1.36674
1.77283
6.0913
12.0081
2.52855
1.88933
1.49111
1.59853
1.62837
1.74768
5.00676
16.248
5.2191
2.47264
1.5728
1.41358
1.56104
1.67915
4.04996
15.6008
3.11446
2.1765
1.58701
1.27492
1.39104
1.58123
4.34483
9.05542
2.21501
2.05775
1.40461
1.13953
1.60353
2.34773
5.06362
9.89444
1.9699
2.1864
1.49171
1.27975
1.25075
1.87516
5.26351
11.9765
2.1246
1.47627
1.48525
1.2881
1.5396
1.93573
4.8148
10.5146
2.11862
1.69652
1.45698
3.36276
1.60542
1.81202
4.92662
10.5675
3.48696
2.20581
1.60792
1.52897
1.45225
1.92861
4.33811
11.859
5.15237
2.20978
1.3713
1.66357
1.44343
1.8038
4.89481
23.0081
7.45808
4.43651
1.99289
1.51127
1.42534
2.00691
3.58071
13.9698
4.24961
5.17048
2.07971
1.683
1.70219
2.18037
4.66944
11.8971
4.05826
5.04529
1.87324
1.95872
1.6131
2.71272
6.76424
15.2235
4.10639
5.55427
1.92972
1.54479
1.73356
1.96224
6.05741
11.2147
3.60888
2.8046
1.45126
1.26899
1.59593
1.89993
5.10115
12.1805
3.74791
2.61561
1.55172
1.30385
1.49146
1.7219
4.12854
17.9352
4.16089
2.5308
1.43506
2.23532
1.67413
1.60489
3.86722
12.0369
3.80733
3.57307
2.40973
1.33349
2.61506
2.42102
3.80751
13.2687
5.18298
3.11521
3.46217
5.26146
10.6472
22.6987
11.5095
12.5146
6.58821
3.93009
3.32381
6.10752
7.07715
12.5589
9.23492
6.6917
13.7619
2.91515
2.76919
4.15923
3.72465
6.22991
6.914
9.12356
17.0491
4.45088
3.91326
2.99111
2.9766
5.48174
7.95173
12.44
17.1689
10.5111
3.25736
2.40932
3.34042
5.08193
14.4016
23.5287
6.30321
3.60878
2.67009
2.0952
2.27171
3.12718
8.3471
14.9769
6.26241
5.83898
2.23112
2.12242
3.03788
4.57979
8.53496
18.7538
4.43516
3.47327
1.75554
1.66017
1.99795
3.26607
9.91472
14.2833
5.55599
3.77763
2.0092
1.26713
1.5105
1.99978
4.51195
10.2494
2.75031
3.91586
1.31191
1.177
1.71205
2.08395
5.97047
8.86929
2.45762
2.05254
1.38299
4.21401
1.43564
2.2289
6.80477
10.9886
2.82459
1.56466
1.69978
2.74267
1.93285
1.73132
5.69724
15.481
3.88353
1.59107
1.64464
1.73066
1.55248
1.70127
6.59527
13.0946
2.72737
1.97963
1.724
1.88368
1.73814
2.34795
8.83155
16.6133
4.33387
4.31581
6.95005
1.45352
1.72761
2.88903
7.15371
12.0623
3.6171
4.90751
2.41344
1.32089
1.77154
2.47266
6.405
16.8043
3.63069
4.6581
1.48689
1.14411
1.78466
2.24071
6.25714
13.898
5.80255
2.48339
2.24816
1.33409
1.55235
1.76349
5.49314
14.1509
5.43067
1.86227
1.43795
5.20808
2.20594
2.09536
5.67032
15.5991
5.2379
2.88475
2.81312
6.80489
1.97872
1.70065
4.63931
11.9167
4.09294
2.5148
5.9774
