0
-1
2
1
1
8
-1
-10
-10
-2
-1
-3
-9
-11
61
8
18
5
0
2
5
24
-25
-13
-15
-4
-1
-5
-7
-4
0
1
4
0
0
-1
-9
-11
4
-1
-6
0
-3
1
-5
-11
-3
-6
-1
-2
-2
0
3
-1
12
2
-4
-3
1
-2
-12
-36
-6
5
1
1
-3
-4
-14
1
-11
-6
-10
-4
-3
-7
-12
-52
-27
-6
3
-1
1
5
28
22
15
8
-13
-4
-3
5
7
27
-9
1
4
-2
1
-5
-5
-2
7
-3
-8
-4
-5
-3
-9
-26
-14
-3
2
-1
-2
-5
-5
-10
0
-2
-6
-6
3
-5
-12
-6
6
5
1
4
12
7
14
-25
1
7
-3
4
-7
-3
1
19
-8
-3
3
-3
-4
-2
-10
-10
-1
-4
-4
-8
-9
-3
3
31
1
-5
-2
-2
-3
-3
-13
-3
-7
-1
1
-1
5
3
12
3
-11
2
0
-1
1
-2
-15
-33
-13
1
-5
3
-1
-4
8
26
-9
-6
-9
-8
-8
-9
-9
-32
-94
-15
-2
-2
1
5
13
32
7
-5
-7
-2
-3
-3
-9
9
-1
-2
-13
-4
-1
0
-1
-27
2
-1
7
4
-2
-4
-18
-83
-4
-18
10
-3
-2
-2
5
8
1
0
-8
-1
-1
-3
-18
-38
-6
-1
0
-2
-1
1
26
11
-4
2
-5
-4
-3
3
-2
16
22
6
-8
-4
-3
-3
-11
-23
-4
2
5
2
6
-1
-5
33
18
1
5
15
8
-1
-15
-27
6
6
3
4
4
4
18
41
14
3
1
-12
-27
-5
-2
-5
-11
-5
-4
1
-2
1
-5
-3
-5
-1
2
-4
-2
0
-4
3
-4
-6
-1
2
10
-1
6
13
9
12
-3
2
7
-5
-14
1
-4
6
2
-3
-6
0
21
5
0
-5
-1
-1
1
-2
-10
-17
12
-4
-2
-4
-8
-1
11
35
24
-16
-3
2
2
-2
-15
-26
-15
19
-7
-4
-3
-2
-5
-9
34
10
27
3
2
5
2
-24
7
1
0
-3
-5
-2
2
6
-2
-6
2
1
1
-1
4
-9
-5
-11
-3
2
6
0
-15
-30
5
4
-3
-5
-5
-1
21
-6
-5
0
-67
-14
-8
-2
0
20
-7
-7
4
1
4
-1
0
4
12
-2
0
-2
-3
-1
-9
13
-11
-1
6
0
3
0
1
-14
-1
5
-5
-1
-6
-1
0
7
-1
12
-14
-5
-1
-3
-13
-17
-5
-10
3
4
4
4
31
27
-10
-5
-14
-4
-15
-1
-11
2
-9
0
18
0
5
1
-2
-13
4
4
-9
-5
-16
-2
1
6
-2
-13
11
-1
1
1
-1
2
-4
-18
-1
-4
1
-5
-15
-24
-4
33
13
4
3
4
12
6
20
21
9
4
6
5
19
41
68
5
-12
-7
-10
-9
-9
-35
8
-7
-7
0
6
4
0
26
9
-13
9
0
-4
-2
-18
3
-1
-7
-5
1
2
0
14
0
-23
1
-13
-2
1
1
7
-17
7
-2
2
1
0
-1
-7
3
-5
-10
14
-1
-4
0
-2
-6
8
7
-21
-1
2
1
2
1
-13
0
23
2
-2
-2
-6
5
-14
-19
-5
-5
-5
-3
-6
-10
-15
15
-1
-2
-1
-4
7
20
-3
-15
2
1
0
-1
-10
-14
-10
-5
-4
-2
-3
-1
-11
-19
-11
7
-8
-2
1
1
4
8
7
-10
5
-4
-4
-7
-20
-26
-13
-8
-3
1
2
-2
9
6
-9
-1
2
-1
0
3
-5
32
13
5
9
-1
0
1
2
15
4
-10
-32
1
-2
-1
3
21
-3
0
5
-5
-2
-4
-15
-36
-12
1
-3
-2
-1
-1
-7
-13
-8
4
-11
0
0
0
4
0
6
-8
11
-2
-2
-1
0
7
-1
9
14
0
-2
-3
-7
-1
0
1
-40
-1
0
1
9
7
-3
-3
1
-3
-1
-3
-5
-6
0
1
9
-1
-1
0
3
-4
6
-3
-4
-2
0
-1
1
17
-3
0
9
3
-2
0
5
11
-5
-8
-1
0
-1
-1
-10
-43
2
5
0
1
0
1
-2
22
-4
2
-5
-3
-1
0
-1
-7
-4
-7
6
-2
-2
-2
-1
10
0
2
-6
-2
0
0
0
3
-3
-14
